148,10,1,1,祝根,152722,应用化学
133,10,1,1,王晨阳,160326,自动化
138,10,1,1,谭佳幸,160510,飞行器设计与工程
136,10,1,1,程辉,150519,飞行器设计与工程
143,10,1,1,黄鑫辉,161514,飞行器设计与工程(航天)
130,10,1,2,祁生发,160111,材料科学与工程
133,10,1,2,王晨阳,160326,自动化
132,10,1,2,柳天宇,150321,自动化
142,10,1,2,次仁扎西,150615,计算机科学与技术
141,10,1,2,巴桑次仁,150614,计算机科学与技术
140,10,1,2,丁增玉尼,150613,计算机科学与技术
139,10,1,2,谭云丹,160513,飞行器设计与工程
137,10,1,2,唐亮,150519,飞行器设计与工程
135,10,1,2,王凯,150516,飞行器设计与工程
134,10,1,2,周灵犀,150513,飞行器设计与工程
147,10,1,2,王一霖,162335,高等工程
146,10,1,2,陈翰林,162332,高等工程
145,10,1,2,何凌睿,162332,高等工程
144,10,1,2,方超群,162332,高等工程
148,10,1,3,祝根,152722,应用化学
131,10,1,3,田若岑,150321,自动化
136,10,1,3,程辉,150519,飞行器设计与工程
143,10,1,3,黄鑫辉,161514,飞行器设计与工程(航天)
133,10,1,4,王晨阳,160326,自动化
132,10,1,4,柳天宇,150321,自动化
140,10,1,4,丁增玉尼,150613,计算机科学与技术
137,10,1,4,唐亮,150519,飞行器设计与工程
135,10,1,4,王凯,150516,飞行器设计与工程
134,10,1,4,周灵犀,150513,飞行器设计与工程
147,10,1,4,王一霖,162335,高等工程
148,10,1,5,祝根,152722,应用化学
131,10,1,5,田若岑,150321,自动化
142,10,1,5,次仁扎西,150615,计算机科学与技术
141,10,1,5,巴桑次仁,150614,计算机科学与技术
140,10,1,5,丁增玉尼,150613,计算机科学与技术
138,10,1,5,谭佳幸,160510,飞行器设计与工程
136,10,1,5,程辉,150519,飞行器设计与工程
135,10,1,5,王凯,150516,飞行器设计与工程
147,10,1,5,王一霖,162335,高等工程
144,10,1,5,方超群,162332,高等工程
146,10,1,5,陈翰林,162332,高等工程
130,10,1,6,祁生发,160111,材料科学与工程
133,10,1,6,王晨阳,160326,自动化
132,10,1,6,柳天宇,150321,自动化
134,10,1,6,周灵犀,150513,飞行器设计与工程
143,10,1,6,黄鑫辉,161514,飞行器设计与工程(航天)
145,10,1,6,何凌睿,162332,高等工程
133,10,2,1,王晨阳,160326,自动化
131,10,2,1,田若岑,150321,自动化
140,10,2,1,丁增玉尼,150613,计算机科学与技术
138,10,2,1,谭佳幸,160510,飞行器设计与工程
136,10,2,1,程辉,150519,飞行器设计与工程
143,10,2,1,黄鑫辉,161514,飞行器设计与工程(航天)
144,10,2,1,方超群,162332,高等工程
148,10,2,2,祝根,152722,应用化学
132,10,2,2,柳天宇,150321,自动化
142,10,2,2,次仁扎西,150615,计算机科学与技术
138,10,2,2,谭佳幸,160510,飞行器设计与工程
137,10,2,2,唐亮,150519,飞行器设计与工程
136,10,2,2,程辉,150519,飞行器设计与工程
135,10,2,2,王凯,150516,飞行器设计与工程
134,10,2,2,周灵犀,150513,飞行器设计与工程
143,10,2,2,黄鑫辉,161514,飞行器设计与工程(航天)
147,10,2,2,王一霖,162335,高等工程
146,10,2,2,陈翰林,162332,高等工程
133,10,2,3,王晨阳,160326,自动化
131,10,2,3,田若岑,150321,自动化
141,10,2,3,巴桑次仁,150614,计算机科学与技术
140,10,2,3,丁增玉尼,150613,计算机科学与技术
139,10,2,3,谭云丹,160513,飞行器设计与工程
135,10,2,3,王凯,150516,飞行器设计与工程
144,10,2,3,方超群,162332,高等工程
130,10,2,4,祁生发,160111,材料科学与工程
132,10,2,4,柳天宇,150321,自动化
142,10,2,4,次仁扎西,150615,计算机科学与技术
140,10,2,4,丁增玉尼,150613,计算机科学与技术
136,10,2,4,程辉,150519,飞行器设计与工程
137,10,2,4,唐亮,150519,飞行器设计与工程
145,10,2,4,何凌睿,162332,高等工程
144,10,2,4,方超群,162332,高等工程
148,10,2,5,祝根,152722,应用化学
133,10,2,5,王晨阳,160326,自动化
135,10,2,5,王凯,150516,飞行器设计与工程
143,10,2,5,黄鑫辉,161514,飞行器设计与工程(航天)
147,10,2,5,王一霖,162335,高等工程
144,10,2,5,方超群,162332,高等工程
148,10,2,6,祝根,152722,应用化学
131,10,2,6,田若岑,150321,自动化
132,10,2,6,柳天宇,150321,自动化
142,10,2,6,次仁扎西,150615,计算机科学与技术
146,10,2,6,陈翰林,162332,高等工程
132,10,3,1,柳天宇,150321,自动化
137,10,3,1,唐亮,150519,飞行器设计与工程
136,10,3,1,程辉,150519,飞行器设计与工程
135,10,3,1,王凯,150516,飞行器设计与工程
143,10,3,1,黄鑫辉,161514,飞行器设计与工程(航天)
144,10,3,1,方超群,162332,高等工程
148,10,3,2,祝根,152722,应用化学
130,10,3,2,祁生发,160111,材料科学与工程
133,10,3,2,王晨阳,160326,自动化
132,10,3,2,柳天宇,150321,自动化
142,10,3,2,次仁扎西,150615,计算机科学与技术
141,10,3,2,巴桑次仁,150614,计算机科学与技术
140,10,3,2,丁增玉尼,150613,计算机科学与技术
136,10,3,2,程辉,150519,飞行器设计与工程
135,10,3,2,王凯,150516,飞行器设计与工程
148,10,3,3,祝根,152722,应用化学
131,10,3,3,田若岑,150321,自动化
142,10,3,3,次仁扎西,150615,计算机科学与技术
138,10,3,3,谭佳幸,160510,飞行器设计与工程
143,10,3,3,黄鑫辉,161514,飞行器设计与工程(航天)
147,10,3,3,王一霖,162335,高等工程
146,10,3,3,陈翰林,162332,高等工程
144,10,3,3,方超群,162332,高等工程
145,10,3,3,何凌睿,162332,高等工程
140,10,3,4,丁增玉尼,150613,计算机科学与技术
139,10,3,4,谭云丹,160513,飞行器设计与工程
135,10,3,4,王凯,150516,飞行器设计与工程
134,10,3,4,周灵犀,150513,飞行器设计与工程
144,10,3,4,方超群,162332,高等工程
133,10,3,5,王晨阳,160326,自动化
132,10,3,5,柳天宇,150321,自动化
140,10,3,5,丁增玉尼,150613,计算机科学与技术
138,10,3,5,谭佳幸,160510,飞行器设计与工程
136,10,3,5,程辉,150519,飞行器设计与工程
143,10,3,5,黄鑫辉,161514,飞行器设计与工程(航天)
147,10,3,5,王一霖,162335,高等工程
148,10,3,6,祝根,152722,应用化学
142,10,3,6,次仁扎西,150615,计算机科学与技术
137,10,3,6,唐亮,150519,飞行器设计与工程
135,10,3,6,王凯,150516,飞行器设计与工程
144,10,3,6,方超群,162332,高等工程
145,10,3,6,何凌睿,162332,高等工程
148,10,4,1,祝根,152722,应用化学
130,10,4,1,祁生发,160111,材料科学与工程
133,10,4,1,王晨阳,160326,自动化
140,10,4,1,丁增玉尼,150613,计算机科学与技术
136,10,4,1,程辉,150519,飞行器设计与工程
133,10,4,2,王晨阳,160326,自动化
131,10,4,2,田若岑,150321,自动化
142,10,4,2,次仁扎西,150615,计算机科学与技术
139,10,4,2,谭云丹,160513,飞行器设计与工程
137,10,4,2,唐亮,150519,飞行器设计与工程
143,10,4,2,黄鑫辉,161514,飞行器设计与工程(航天)
144,10,4,2,方超群,162332,高等工程
146,10,4,2,陈翰林,162332,高等工程
148,10,4,3,祝根,152722,应用化学
131,10,4,3,田若岑,150321,自动化
132,10,4,3,柳天宇,150321,自动化
142,10,4,3,次仁扎西,150615,计算机科学与技术
138,10,4,3,谭佳幸,160510,飞行器设计与工程
136,10,4,3,程辉,150519,飞行器设计与工程
135,10,4,3,王凯,150516,飞行器设计与工程
143,10,4,3,黄鑫辉,161514,飞行器设计与工程(航天)
145,10,4,3,何凌睿,162332,高等工程
133,10,4,4,王晨阳,160326,自动化
131,10,4,4,田若岑,150321,自动化
141,10,4,4,巴桑次仁,150614,计算机科学与技术
140,10,4,4,丁增玉尼,150613,计算机科学与技术
143,10,4,4,黄鑫辉,161514,飞行器设计与工程(航天)
147,10,4,4,王一霖,162335,高等工程
146,10,4,4,陈翰林,162332,高等工程
148,10,4,5,祝根,152722,应用化学
130,10,4,5,祁生发,160111,材料科学与工程
131,10,4,5,田若岑,150321,自动化
132,10,4,5,柳天宇,150321,自动化
139,10,4,5,谭云丹,160513,飞行器设计与工程
136,10,4,5,程辉,150519,飞行器设计与工程
135,10,4,5,王凯,150516,飞行器设计与工程
134,10,4,5,周灵犀,150513,飞行器设计与工程
146,10,4,5,陈翰林,162332,高等工程
144,10,4,5,方超群,162332,高等工程
133,10,4,6,王晨阳,160326,自动化
132,10,4,6,柳天宇,150321,自动化
142,10,4,6,次仁扎西,150615,计算机科学与技术
140,10,4,6,丁增玉尼,150613,计算机科学与技术
148,10,5,1,祝根,152722,应用化学
131,10,5,1,田若岑,150321,自动化
142,10,5,1,次仁扎西,150615,计算机科学与技术
140,10,5,1,丁增玉尼,150613,计算机科学与技术
135,10,5,1,王凯,150516,飞行器设计与工程
145,10,5,1,何凌睿,162332,高等工程
148,10,5,2,祝根,152722,应用化学
131,10,5,2,田若岑,150321,自动化
136,10,5,2,程辉,150519,飞行器设计与工程
135,10,5,2,王凯,150516,飞行器设计与工程
143,10,5,2,黄鑫辉,161514,飞行器设计与工程(航天)
147,10,5,2,王一霖,162335,高等工程
146,10,5,2,陈翰林,162332,高等工程
144,10,5,2,方超群,162332,高等工程
130,10,5,3,祁生发,160111,材料科学与工程
133,10,5,3,王晨阳,160326,自动化
132,10,5,3,柳天宇,150321,自动化
142,10,5,3,次仁扎西,150615,计算机科学与技术
140,10,5,3,丁增玉尼,150613,计算机科学与技术
139,10,5,3,谭云丹,160513,飞行器设计与工程
138,10,5,3,谭佳幸,160510,飞行器设计与工程
137,10,5,3,唐亮,150519,飞行器设计与工程
134,10,5,3,周灵犀,150513,飞行器设计与工程
148,10,5,4,祝根,152722,应用化学
131,10,5,4,田若岑,150321,自动化
141,10,5,4,巴桑次仁,150614,计算机科学与技术
140,10,5,4,丁增玉尼,150613,计算机科学与技术
144,10,5,4,方超群,162332,高等工程
148,10,5,5,祝根,152722,应用化学
130,10,5,5,祁生发,160111,材料科学与工程
133,10,5,5,王晨阳,160326,自动化
142,10,5,5,次仁扎西,150615,计算机科学与技术
138,10,5,5,谭佳幸,160510,飞行器设计与工程
136,10,5,5,程辉,150519,飞行器设计与工程
135,10,5,5,王凯,150516,飞行器设计与工程
143,10,5,5,黄鑫辉,161514,飞行器设计与工程(航天)
147,10,5,5,王一霖,162335,高等工程
144,10,5,5,方超群,162332,高等工程
145,10,5,5,何凌睿,162332,高等工程
131,10,5,6,田若岑,150321,自动化
140,10,5,6,丁增玉尼,150613,计算机科学与技术
146,10,5,6,陈翰林,162332,高等工程
136,10,6,1,程辉,150519,飞行器设计与工程
135,10,6,1,王凯,150516,飞行器设计与工程
148,10,6,2,祝根,152722,应用化学
130,10,6,2,祁生发,160111,材料科学与工程
133,10,6,2,王晨阳,160326,自动化
142,10,6,2,次仁扎西,150615,计算机科学与技术
139,10,6,2,谭云丹,160513,飞行器设计与工程
147,10,6,2,王一霖,162335,高等工程
146,10,6,2,陈翰林,162332,高等工程
131,10,6,3,田若岑,150321,自动化
140,10,6,3,丁增玉尼,150613,计算机科学与技术
138,10,6,3,谭佳幸,160510,飞行器设计与工程
136,10,6,3,程辉,150519,飞行器设计与工程
137,10,6,3,唐亮,150519,飞行器设计与工程
144,10,6,3,方超群,162332,高等工程
148,10,6,4,祝根,152722,应用化学
133,10,6,4,王晨阳,160326,自动化
131,10,6,4,田若岑,150321,自动化
142,10,6,4,次仁扎西,150615,计算机科学与技术
141,10,6,4,巴桑次仁,150614,计算机科学与技术
135,10,6,4,王凯,150516,飞行器设计与工程
147,10,6,4,王一霖,162335,高等工程
146,10,6,4,陈翰林,162332,高等工程
145,10,6,4,何凌睿,162332,高等工程
130,10,6,5,祁生发,160111,材料科学与工程
142,10,6,5,次仁扎西,150615,计算机科学与技术
140,10,6,5,丁增玉尼,150613,计算机科学与技术
137,10,6,5,唐亮,150519,飞行器设计与工程
136,10,6,5,程辉,150519,飞行器设计与工程
143,10,6,5,黄鑫辉,161514,飞行器设计与工程(航天)
146,10,6,5,陈翰林,162332,高等工程
148,10,6,6,祝根,152722,应用化学
131,10,6,6,田若岑,150321,自动化
139,10,6,6,谭云丹,160513,飞行器设计与工程
138,10,6,6,谭佳幸,160510,飞行器设计与工程
137,10,7,1,唐亮,150519,飞行器设计与工程
133,10,7,2,王晨阳,160326,自动化
131,10,7,2,田若岑,150321,自动化
142,10,7,2,次仁扎西,150615,计算机科学与技术
141,10,7,2,巴桑次仁,150614,计算机科学与技术
140,10,7,2,丁增玉尼,150613,计算机科学与技术
138,10,7,2,谭佳幸,160510,飞行器设计与工程
136,10,7,2,程辉,150519,飞行器设计与工程
148,10,7,3,祝根,152722,应用化学
132,10,7,3,柳天宇,150321,自动化
138,10,7,3,谭佳幸,160510,飞行器设计与工程
143,10,7,3,黄鑫辉,161514,飞行器设计与工程(航天)
146,10,7,3,陈翰林,162332,高等工程
145,10,7,3,何凌睿,162332,高等工程
133,10,7,4,王晨阳,160326,自动化
131,10,7,4,田若岑,150321,自动化
140,10,7,4,丁增玉尼,150613,计算机科学与技术
135,10,7,4,王凯,150516,飞行器设计与工程
147,10,7,4,王一霖,162335,高等工程
148,10,7,5,祝根,152722,应用化学
136,10,7,5,程辉,150519,飞行器设计与工程
144,10,7,5,方超群,162332,高等工程
132,10,7,6,柳天宇,150321,自动化
143,10,7,6,黄鑫辉,161514,飞行器设计与工程(航天)
147,10,7,6,王一霖,162335,高等工程
